version https://git-lfs.github.com/spec/v1
oid sha256:d494cdb76462e5ecf0402824a68f5aa1ecef7e8ecd88e554aefa461c11b688bc
size 1575028
